0
0
0
0
0
0
0
0
1501
1042
0
-1042
-1501
-2494
-1374
-820
-1374
-3741
-4503
-3126
0
4168
7505
6235
3435
2460
4122
8729
10507
8336
0
-9378
-15010
-12470
-7557
-4920
-8244
-16211
-21014
-14588
0
16672
25517
21199
12366
7790
13740
26187
31521
22924
0
-25008
-37525
-32422
-18549
-11480
-19923
-37410
-46531
-33344
0
35428
52535
44892
25419
15580
27480
51127
63042
44806
0
-46890
-70547
-59856
-33663
-20500
-35724
-66091
-81054
-57310
0
60436
88559
76067
42594
25830
44655
82302
100567
71898
0
-75024
-109573
-92278
-52212
-31570
-54273
-99760
-123082
-86486
0
89612
132088
110983
61830
37720
63891
118465
145597
102116
0
-105242
-154603
-129688
-72822
-43870
-74883
-137170
-168112
-117746
0
121914
177118
149640
83127
50430
85188
157122
190627
134418
0
-137544
-201134
-168345
-94119
-56580
-96180
-177074
-214643
-151090
0
154216
223649
188297
104424
63140
106485
195779
237158
166720
0
-169846
-247665
-207002
-114729
-69290
-116790
-214484
-259673
-182350
0
185476
268679
225707
125034
75030
127095
231942
282188
196938
0
-200064
-289693
-241918
-134652
-80770
-136026
-249400
-301701
-210484
0
213610
309206
258129
142896
86100
144957
264364
319713
222988
0
-226114
-327218
-273093
-151140
-90610
-152514
-278081
-336224
-234450
0
236534
342228
285563
158010
94710
159384
290551
351234
243828
0
-245912
-355737
-296786
-163506
-97990
-164880
-300527
-361741
-252164
0
253206
366244
305515
168315
100860
169002
308009
372248
258416
0
-259458
-375250
-311750
-171750
-102910
-172437
-314244
-378252
-262584
0
263626
379753
315491
174498
104140
174498
316738
381254
265710
0
-265710
-382755
-317985
-175185
-104550
-175185
-317985
-382755
-265710
0
265710
382755
317985
174498
104140
174498
316738
381254
263626
0
-263626
-379753
-314244
-173124
-103320
-172437
-312997
-375250
-260500
0
259458
373749
309256
170376
101270
169002
306762
367745
255290
0
-253206
-364743
-301774
-165567
-98810
-164880
-298033
-357238
-247996
0
245912
352735
291798
160758
95530
159384
288057
345230
238618
0
-236534
-339226
-280575
-153888
-91430
-152514
-275587
-330220
-228198
0
226114
322715
266858
146331
86920
144957
261870
312208
215694
0
-213610
-304703
-251894
-138087
-82000
-136026
-245659
-294196
-202148
0
200064
285190
235683
129156
76260
127095
228201
273182
188602
0
-185476
-264176
-218225
-118851
-70520
-116790
-210743
-250667
-172972
0
169846
243162
199520
108546
64370
106485
192038
228152
157342
0
-154216
-219146
-180815
-98241
-58220
-96180
-172086
-205637
-140670
0
137544
196631
160863
87249
51660
85188
153381
181621
125040
0
-121914
-172615
-140911
-76944
-45100
-74883
-133429
-159106
-108368
0
105242
150100
122206
66639
38950
63891
114724
135090
92738
0
-89612
-127585
-103501
-56334
-32800
-54273
-96019
-114076
-77108
0
75024
105070
86043
46029
27060
44655
78561
93062
63562
0
-60436
-85557
-68585
-37098
-21730
-35724
-62350
-73549
-50016
0
46890
66044
53621
28854
16810
27480
47386
55537
37512
0
-35428
-49533
-39904
-21297
-12300
-19923
-34916
-40527
-27092
0
25008
34523
27434
14427
8610
13740
23693
27018
17714
0
-16672
-22515
-17458
-9618
-5330
-8244
-14964
-16511
-10420
0
9378
13509
9976
4809
2870
4122
7482
7505
5210
0
-4168
-6004
-3741
-2061
-1230
-1374
-2494
-3002
-2084
0
1042
1501
1247
687
0
0
0
0
0
0
0
